10 1 4000 100 10 10 101.5820965926675598E12
1.58209659409223E12
1.5820965955963599E12
1.5820965971961E12
1.58209659871827E12
1.5820966002997502E12
1.58209660192706E12
1.58209660361093E12
1.5820966053952202E12
1.58209660713454E12
1.58209660883998E12
1.58209661058981E12
1.58209661242796E12
1.58209661433067E12
1.5820966162961401E12
1.5820966182956802E12
1.58209662104231E12
1.58209663081449E12
1.58209664119148E12
1.5820966452399802E12
1.5820966490394302E12
1.58209665205915E12
1.58209665523311E12
1.5820966580966802E12
1.5820966608918E12
1.5820966637770303E12
1.5820966667375298E12
1.58209666985502E12
1.58209667286885E12
1.5820966758613901E12
1.5820966791056501E12
1.5820966823314302E12
1.58209668564326E12
1.58209668893402E12
1.58209669220142E12
1.5820966955563901E12
1.5820966989434E12
1.58209670242027E12
1.5820967060774001E12
1.5820967098427202E12
