10 1 60 2 1000 10 10
2.2
1.3
3.4400000000000004
1.6714285714285713
1.8777777777777775
2.0000000000000004
1.546153846153846
1.7066666666666668
1.7647058823529411
1.8105263157894735
1.8999999999999997
1.7782608695652173
1.8239999999999994
1.7851851851851852
1.7689655172413792
1.787096774193548
1.7999999999999996
1.8428571428571427
1.8567567567567569
1.8487179487179486
1.9121951219512197
1.8279069767441856
2.024444444444445
1.7765957446808507
1.816326530612245
1.7745098039215685
1.8113207547169814
2.0181818181818185
1.8
1.9338983050847451
