10 1 60 2 1000 10 10
19.8
19.233333333333334
32.74
22.75714285714286
21.755555555555553
21.454545454545453
21.107692307692307
21.959999999999994
22.876470588235293
23.2
24.876190476190477
26.391304347826093
26.451999999999998
27.814814814814813
29.193103448275867
31.874193548387094
32.72121212121212
34.70000000000001
37.737837837837844
39.2897435897436
43.743902439024396
49.76511627906977
46.757777777777775
46.55106382978725
52.06122448979594
54.22745098039216
52.42075471698113
56.84181818181821
56.09298245614034
55.71864406779662
