10 1 4000 100 10 10 1012.919999999999998
9.8
9.959999999999999
9.92
10.190000000000001
10.669999999999998
10.26
10.529999999999998
11.09
11.49
11.86
12.2
12.910000000000002
13.210000000000003
13.7
14.270000000000001
15.239999999999998
15.209999999999999
14.09
14.13
14.840000000000003
15.15
15.110000000000003
15.000000000000004
14.95
15.710000000000003
16.250000000000004
16.759999999999998
18.249999999999996
19.060000000000002
19.189999999999998
19.939999999999998
25.41
21.38
22.070000000000004
22.25
22.650000000000002
23.529999999999994
23.680000000000003
24.54
