10 1 60 2 1000 10 10
23.1
14.766666666666666
15.040000000000001
14.671428571428573
14.111111111111112
14.100000000000001
14.307692307692308
14.373333333333333
14.547058823529412
14.678947368421055
14.771428571428574
15.608695652173916
15.975999999999997
16.885185185185186
17.427586206896553
18.112903225806456
18.475757575757573
19.345714285714287
19.418918918918926
18.815384615384612
18.724390243902445
18.50697674418605
18.535555555555558
18.695744680851064
18.289795918367346
18.596078431372547
18.545283018867924
18.516363636363636
18.27894736842105
18.532203389830514
