10 1 60 2 1000 10 10
130.3
77.83333333333333
74.17999999999999
71.75714285714287
64.1
64.91818181818181
66.5
66.62666666666668
67.74705882352941
68.33684210526316
69.98571428571428
74.38695652173912
77.14
80.64814814814815
84.06551724137931
85.11935483870967
90.62727272727274
90.93428571428572
92.39459459459457
96.04102564102564
96.65365853658535
96.29767441860466
96.79999999999998
102.84255319148939
106.9204081632653
107.79411764705881
108.34150943396229
120.63636363636368
117.31228070175442
119.32372881355934
