10 1 4000 100 10 10 1013.830000000000002
10.83
11.01
10.790000000000001
11.05
11.32
11.489999999999998
12.1
12.5
13.120000000000001
12.03
14.070000000000002
15.379999999999999
16.250000000000004
17.19
18.41
20.33
19.119999999999997
20.119999999999997
21.099999999999998
20.34
23.98
19.869999999999997
20.54
20.8
22.160000000000004
22.590000000000003
23.85
25.14
26.189999999999998
27.4
28.509999999999998
29.96
31.02
32.4
33.269999999999996
33.83
41.07999999999999
40.05999999999999
35.230000000000004
