10 1 60 2 1000 10 10
1.7
0.4333333333333333
0.8
0.4428571428571429
0.3555555555555555
0.39999999999999997
0.4923076923076923
0.4733333333333334
0.47058823529411764
0.5368421052631579
0.47142857142857153
0.5478260869565217
0.4799999999999999
0.4074074074074074
0.4241379310344827
0.5225806451612904
0.3878787878787879
0.5114285714285715
0.5972972972972972
0.3948717948717949
0.5926829268292683
0.4581395348837209
0.46666666666666684
0.5212765957446807
0.4142857142857144
0.42549019607843136
0.4981132075471696
0.5145454545454545
0.5596491228070176
0.4508474576271185
