10 1 60 2 1000 10 10
24.1
15.466666666666667
14.98
14.657142857142857
14.344444444444447
14.099999999999996
14.507692307692308
14.22
14.735294117647058
14.552631578947368
14.99047619047619
15.700000000000003
16.328
17.022222222222226
17.66551724137931
17.783870967741937
18.393939393939394
18.765714285714292
18.567567567567565
18.323076923076922
18.685365853658528
18.64651162790698
18.16444444444444
18.37659574468086
18.73673469387755
19.007843137254902
18.490566037735846
18.709090909090904
18.466666666666665
18.69322033898305
