10 1 60 2 1000 10 10
21.2
11.033333333333333
11.139999999999999
15.214285714285714
11.311111111111112
10.518181818181818
10.446153846153846
10.453333333333331
10.799999999999999
10.352631578947367
10.899999999999997
11.51304347826087
11.54
11.46666666666667
12.034482758620687
11.735483870967743
15.496969696969702
12.822857142857146
12.032432432432437
12.615384615384619
12.063414634146342
13.688372093023254
16.682222222222222
15.980851063829784
12.52448979591837
18.466666666666658
13.156603773584907
13.445454545454545
15.477192982456137
14.461016949152544
