10 1 60 2 1000 10 10
15.6
12.833333333333334
29.4
15.528571428571427
20.75555555555556
23.89090909090909
15.515384615384617
15.726666666666667
17.8
22.76315789473684
26.56666666666667
29.2391304347826
32.38
35.82592592592592
38.10344827586208
40.88387096774195
44.93636363636363
49.568571428571424
54.66216216216216
56.29487179487181
62.48048780487805
61.36046511627908
74.1488888888889
66.15531914893616
71.44489795918368
72.11764705882351
76.97735849056605
84.90363636363638
81.18596491228074
93.70508474576273
