10 1 60 2 1000 10 10
1.4
1.7333333333333334
2.0
1.8285714285714287
1.7999999999999998
1.7727272727272727
1.7615384615384615
1.8066666666666669
1.8647058823529412
1.8157894736842102
1.861904761904762
1.8521739130434782
1.8159999999999998
1.9296296296296294
1.9000000000000004
1.9483870967741934
1.875757575757576
1.8657142857142857
1.964864864864865
1.9487179487179487
2.04390243902439
2.1627906976744184
1.9622222222222225
1.9170212765957448
2.0510204081632657
2.0176470588235293
1.9433962264150944
1.916363636363636
1.8701754385964908
1.8203389830508472
